0 0.912109375 0.8828125 0.171875 0.21875
0 0.91796875 0.548828125 0.1640625 0.203125
0 0.8916015625 0.1826171875 0.169921875 0.208984375
1 0.4658203125 0.291015625 0.173828125 0.19921875
1 0.4921875 0.6044921875 0.16796875 0.177734375
1 0.501953125 0.9072265625 0.15234375 0.181640625
1 0.4609375 0.03515625 0.140625 0.0703125
1 0.166015625 0.3447265625 0.15234375 0.158203125
1 0.17578125 0.6435546875 0.1328125 0.181640625
0 0.18359375 0.8818359375 0.1171875 0.173828125
1 0.1630859375 0.0791015625 0.126953125 0.154296875
