1 0.4951171875 0.931640625 0.244140625 0.12890625
0 0.4951171875 0.6533203125 0.181640625 0.220703125
0 0.4892578125 0.37109375 0.197265625 0.19140625
1 0.4853515625 0.0498046875 0.185546875 0.095703125
1 0.0517578125 0.931640625 0.099609375 0.12890625
1 0.0478515625 0.6640625 0.091796875 0.234375
1 0.041015625 0.3388671875 0.078125 0.224609375
1 0.0439453125 0.0458984375 0.087890625 0.091796875
1 0.9755859375 0.3359375 0.048828125 0.19140625
0 0.962890625 0.625 0.06640625 0.203125
1 0.9736328125 0.9228515625 0.052734375 0.154296875
0 0.96875 0.04296875 0.0625 0.08203125
