1 0.59765625 0.4892578125 0.203125 0.162109375
1 0.904296875 0.50390625 0.19140625 0.171875
0 0.8837890625 0.912109375 0.201171875 0.171875
0 0.556640625 0.9169921875 0.2109375 0.162109375
0 0.1845703125 0.8935546875 0.193359375 0.169921875
1 0.296875 0.4619140625 0.171875 0.158203125
1 0.0400390625 0.4423828125 0.080078125 0.169921875
1 0.0615234375 0.173828125 0.123046875 0.140625
0 0.3271484375 0.16796875 0.193359375 0.12109375
1 0.6220703125 0.1748046875 0.181640625 0.115234375
0 0.876953125 0.1875 0.171875 0.140625
